1.7600e-05 -1.8226e-05 -1.0154e+00 -1.0154e+00
1.7780e-05 -1.8409e-05 -1.0152e+00 -1.0152e+00
1.7959e-05 -1.8590e-05 -1.0150e+00 -1.0150e+00
1.8139e-05 -1.8772e-05 -1.0148e+00 -1.0148e+00
1.8318e-05 -1.8955e-05 -1.0146e+00 -1.0146e+00
1.8498e-05 -1.9138e-05 -1.0144e+00 -1.0144e+00
1.8678e-05 -1.9319e-05 -1.0142e+00 -1.0142e+00
1.8857e-05 -1.9501e-05 -1.0140e+00 -1.0140e+00
1.9037e-05 -1.9684e-05 -1.0139e+00 -1.0139e+00
1.9216e-05 -1.9866e-05 -1.0137e+00 -1.0137e+00
1.9396e-05 -2.0047e-05 -1.0135e+00 -1.0135e+00
1.9576e-05 -2.0229e-05 -1.0133e+00 -1.0133e+00
1.9755e-05 -2.0412e-05 -1.0131e+00 -1.0131e+00
1.9935e-05 -2.0594e-05 -1.0129e+00 -1.0130e+00
2.0114e-05 -2.0775e-05 -1.0128e+00 -1.0128e+00
2.0294e-05 -2.0957e-05 -1.0126e+00 -1.0126e+00
2.0473e-05 -2.1139e-05 -1.0124e+00 -1.0124e+00
2.0653e-05 -2.1322e-05 -1.0123e+00 -1.0123e+00
2.0833e-05 -2.1502e-05 -1.0121e+00 -1.0121e+00
2.1012e-05 -2.1684e-05 -1.0119e+00 -1.0119e+00
2.1192e-05 -2.1866e-05 -1.0117e+00 -1.0117e+00
2.1371e-05 -2.2048e-05 -1.0116e+00 -1.0116e+00
2.1551e-05 -2.2229e-05 -1.0114e+00 -1.0114e+00
2.1731e-05 -2.2411e-05 -1.0113e+00 -1.0113e+00
2.1910e-05 -2.2593e-05 -1.0111e+00 -1.0111e+00
2.2090e-05 -2.2775e-05 -1.0109e+00 -1.0109e+00
2.2269e-05 -2.2955e-05 -1.0108e+00 -1.0108e+00
2.2449e-05 -2.3137e-05 -1.0106e+00 -1.0106e+00
2.2629e-05 -2.3319e-05 -1.0105e+00 -1.0105e+00
2.2808e-05 -2.3501e-05 -1.0103e+00 -1.0103e+00
2.2988e-05 -2.3681e-05 -1.0101e+00 -1.0101e+00
2.3167e-05 -2.3863e-05 -1.0100e+00 -1.0100e+00
2.3347e-05 -2.4045e-05 -1.0098e+00 -1.0098e+00
2.3527e-05 -2.4227e-05 -1.0097e+00 -1.0097e+00
2.3706e-05 -2.4407e-05 -1.0095e+00 -1.0095e+00
2.3886e-05 -2.4588e-05 -1.0094e+00 -1.0094e+00
2.4065e-05 -2.4770e-05 -1.0092e+00 -1.0093e+00
2.4245e-05 -2.4952e-05 -1.0091e+00 -1.0091e+00
2.4424e-05 -2.5132e-05 -1.0090e+00 -1.0090e+00
2.4604e-05 -2.5313e-05 -1.0088e+00 -1.0088e+00
2.4784e-05 -2.5495e-05 -1.0087e+00 -1.0087e+00
2.4963e-05 -2.5676e-05 -1.0085e+00 -1.0085e+00
2.5143e-05 -2.5856e-05 -1.0084e+00 -1.0084e+00
2.5322e-05 -2.6038e-05 -1.0083e+00 -1.0083e+00
2.5502e-05 -2.6219e-05 -1.0081e+00 -1.0081e+00
2.5682e-05 -2.6401e-05 -1.0080e+00 -1.0080e+00
2.5861e-05 -2.6581e-05 -1.0078e+00 -1.0078e+00
2.6041e-05 -2.6762e-05 -1.0077e+00 -1.0077e+00
2.6220e-05 -2.6943e-05 -1.0076e+00 -1.0076e+00
2.6400e-05 -2.7125e-05 -1.0074e+00 -1.0074e+00
2.8600e-05 -2.9338e-05 -1.0059e+00 -1.0059e+00
3.6770e-03 -3.5099e-03 -9.5359e-01 -9.5359e-01
7.3254e-03 -7.0079e-03 -9.6388e-01 -9.6383e-01
1.0974e-02 -1.0541e-02 -9.7284e-01 -9.7270e-01
1.4622e-02 -1.4105e-02 -9.8022e-01 -9.8000e-01
1.8271e-02 -1.7692e-02 -9.8636e-01 -9.8603e-01
2.1919e-02 -2.1301e-02 -9.9151e-01 -9.9108e-01
2.5567e-02 -2.4926e-02 -9.9588e-01 -9.9534e-01
2.9216e-02 -2.8567e-02 -9.9961e-01 -9.9897e-01
3.2864e-02 -3.2219e-02 -1.0028e+00 -1.0021e+00
3.6513e-02 -3.5883e-02 -1.0056e+00 -1.0047e+00
4.0161e-02 -3.9557e-02 -1.0080e+00 -1.0070e+00
4.3809e-02 -4.3238e-02 -1.0100e+00 -1.0090e+00
4.7458e-02 -4.6926e-02 -1.0118e+00 -1.0107e+00
5.1106e-02 -5.0621e-02 -1.0133e+00 -1.0121e+00
5.4755e-02 -5.4320e-02 -1.0146e+00 -1.0134e+00
5.8403e-02 -5.8024e-02 -1.0157e+00 -1.0144e+00
6.2051e-02 -6.1731e-02 -1.0166e+00 -1.0153e+00
6.5700e-02 -6.5442e-02 -1.0174e+00 -1.0160e+00
6.9348e-02 -6.9154e-02 -1.0180e+00 -1.0165e+00
7.2997e-02 -7.2869e-02 -1.0184e+00 -1.0169e+00
7.6645e-02 -7.6585e-02 -1.0187e+00 -1.0172e+00
8.0293e-02 -8.0302e-02 -1.0189e+00 -1.0174e+00
8.3942e-02 -8.4020e-02 -1.0190e+00 -1.0175e+00
8.7590e-02 -8.7738e-02 -1.0190e+00 -1.0175e+00
9.1238e-02 -9.1455e-02 -1.0189e+00 -1.0174e+00
9.4887e-02 -9.5173e-02 -1.0187e+00 -1.0172e+00
9.8535e-02 -9.8889e-02 -1.0184e+00 -1.0170e+00
1.0218e-01 -1.0260e-01 -1.0181e+00 -1.0166e+00
1.0583e-01 -1.0632e-01 -1.0176e+00 -1.0162e+00
1.0948e-01 -1.1003e-01 -1.0171e+00 -1.0158e+00
1.1313e-01 -1.1374e-01 -1.0165e+00 -1.0153e+00
1.1678e-01 -1.1745e-01 -1.0159e+00 -1.0147e+00
1.2043e-01 -1.2115e-01 -1.0151e+00 -1.0140e+00
1.2407e-01 -1.2485e-01 -1.0144e+00 -1.0134e+00
1.2772e-01 -1.2855e-01 -1.0135e+00 -1.0126e+00
1.3137e-01 -1.3225e-01 -1.0126e+00 -1.0118e+00
1.3502e-01 -1.3594e-01 -1.0117e+00 -1.0110e+00
1.3867e-01 -1.3963e-01 -1.0107e+00 -1.0101e+00
1.4232e-01 -1.4332e-01 -1.0096e+00 -1.0092e+00
1.4596e-01 -1.4700e-01 -1.0085e+00 -1.0083e+00
1.4961e-01 -1.5067e-01 -1.0073e+00 -1.0073e+00
1.5326e-01 -1.5435e-01 -1.0061e+00 -1.0063e+00
1.5691e-01 -1.5802e-01 -1.0048e+00 -1.0052e+00
1.6056e-01 -1.6168e-01 -1.0035e+00 -1.0041e+00
1.6421e-01 -1.6534e-01 -1.0022e+00 -1.0030e+00
1.6785e-01 -1.6899e-01 -1.0008e+00 -1.0018e+00
1.7150e-01 -1.7264e-01 -9.9935e-01 -1.0006e+00
1.7515e-01 -1.7628e-01 -9.9787e-01 -9.9937e-01
1.7880e-01 -1.7992e-01 -9.9634e-01 -9.9812e-01
